7140,
4909,
6694,
8478,
12049,
12049,
13833,
15619,
17850,
20081,
21866,
23651,
25882,
27667,
29453,
31237,
37931,
34808,
40162,
40162,
40608,
45963,
44178,
49533,
48195,
54889,
53104,
54888,
57120,
59351,
63813,
64705,
66937,
68722,
71399,
74077,
75416,
78093,
100406,
171358,
153062,
144137,
146814,
149493,
130750,
148153,
162433,
173589,
223569,
214644,
228924,
231601,
235618,
186084,
199918,
261500,
298093,
205719,
267747,
272210,
282027,
283366,
283812,
189208,
277565,
305678,
234279,
291398,
312818,
320405,
332900,
332453,
232494,
159756,
163326,
205719,
176267,
224908,
172697,
175821,
205720,
179391,
180730,
183853,
186085,
192778,
190547,
192332,
195009,
196794,
248559,
189655,
191440,
193671,
229371,
201703,
199918,
270425,
203935,
255253,
213752,
211520,
212860,
244543,
216875,
224015,
221338,
223123,
226247,
228031,
234725,
232940,
243204,
236957,
237849,
246774,
243650,
245435,
247666,
248559,
257930,
253914,
255699,
257930,
260608,
268640,
272657,
268194,
294968,
271317,
280689,
418579,
483285,
370384,
346733,
357443,
327990,
288275,
290952,
307910,
321744,
330222,
390465,
341824,
356997,
368599,
328884,
330222,
333346,
335131,
344502,
346733,
361013,
342717,
348072,
357443,
351641,
353873,
355212,
360121,
370831,
365475,
389572,
399390,
410100,
369045,
351641,
373508,
372169,
361905,
374401,
364137,
429735,
387342,
369938,
385110,
373061,
376632,
378862,
383325,
460525,
386003,
421256,
388680,
413224,
597970,
433751,
644825,
445800,
427057,
439998,
432412,
434643,
435536,
439106,
461865,
443568,
446246,
456956,
455171,
464095,
454725,
458295,
459633,
462757,
476591,
464989,
469005,
471235,
473021,
498903,
477037,
481053,
481945,
484623,
499349,
489978,
490871,
494440,
493994,
528802,
606448,
505150,
522554,
508275,
520323,
516753,
481499,
509613,
486854,
705069,
794317,
537727,
546652,
550668,
547544,
535941,
522554,
526124,
507828,
547544,
512737,
542635,
516753,
550668,
535049,
545312,
525232,
547990,
529247,
598862,
556468,
549329,
545313,
540850,
556915,
544867,
783162,
550667,
551114,
593507,
556914,
925514,
754156,
666245,
617158,
604217,
606895,
608233,
611357,
609126,
603324,
604217,
581459,
584582,
599308,
615819,
674278,
603325,
646610,
614034,
598416,
601539,
602431,
604663,
624298,
608233,
832249,
966122,
730504,
649734,
639916,
643932,
623852,
651519,
677401,
630546,
632777,
635455,
636793,
704623,
767097,
952289,
646611,
647949,
665352,
650626,
654196,
655535,
657766,
677401,
662229,
665799,
667138,
668923,
686327,
672939,
675617,
677402,
680078,
705068,
683648,
685880,
666691,
669368,
728273,
1084378,
800119,
770667,
748801,
767543,
754155,
720241,
687665,
690342,
724704,
715332,
718456,
718902,
723364,
742999,
727381,
734075,
731397,
733182,
755940,
798780,
1179874,
814399,
820646,
821092,
794318,
751924,
753709,
755940,
782715,
757279,
761742,
1196831,
932208,
821092,
771559,
780484,
775129,
776468,
797441,
780930,
782269,
790301,
787624,
809044,
792087,
795210,
789409,
773790,
794317,
777360,
780037,
782269,
785393,
978617,
878658,
875981,
871965,
843404,
847421,
823323,
825555,
827339,
895169,
1036630,
859915,
871072,
836711,
838496,
863932,
845190,
846974,
936224,
864825,
879104,
856346,
859916,
890260,
891153,
909895,
866609,
899185,
899185,
908110,
900524,
877766,
878659,
881782,
884460,
979064,
947826,
950950,
950504,
954073,
963445,
930422,
955858,
1192369,
1012085,
965230,
938455,
986203,
1171842,
999145,
976386,
1034844,
984864,
987542,
978617,
985311,
950057,
962998,
952289,
971031,
970585,
942025,
944257,
946488,
948719,
977279,
953182,
1430218,
1020564,
1023242,
1054925,
1018779,
965229,
969693,
969692,
996021,
973708,
976386,
978171,
962106,
977279,
955412,
1056264,
1060280,
1099104,
1048231,
996467,
1000929,
982187,
1003607,
1030382,
1005838,
1009854,
1011193,
1013424,
1043323,
1018333,
1400765,
1137034,
1093302,
1122754,
1096873,
1030828,
1032613,
1035291,
1065189,
1037076,
1040200,
1012532,
1014316,
1042430,
1017887,
1569893,
1162025,
1142389,
1200848,
1143282,
1139266,
1142390,
1067420,
1220928,
1145513,
1153546,
1075899,
1098658,
1109814,
1080807,
1085270,
1086163,
1085270,
1117846,
1093748,
1094641,
1097765,
1096872,
1133911,
1103120,
1387379,
1184783,
1186568,
1230300,
1196385,
1195493,
1195046,
1196831,
1235209,
1220036,
1302145,
1227622,
1216466,
1304823,
1137035,
1138820,
1141051,
1142389,
1176304,
1146852,
1149529,
1149976,
1152653,
1185229,
1158900,
1159347,
1778736,
1310624,
1281618,
1235208,
1133018,
1137035,
1174966,
1316872,
1143282,
1144174,
1148191,
1150422,
1300360,
1271801,
1278494,
1195047,
1503402,
1285634,
1236993,
1516790,
1220482,
1238333,
1277156,
1235655,
1580603,
1572124,
1337399,
1294560,
1221375,
1223607,
1224499,
1228961,
1276263,
1233423,
1236101,
1236994,
1814436,
1620319,
1328028,
1328474,
1236101,
1212450,
1245918,
1215127,
1216467,
1220483,
1221821,
1255736,
1590867,
1349894,
1353018,
1346770,
1312409,
1275817,
1278494,
1279387,
1278494,
1319549,
1267338,
1303484,
1730542,
1356141,
1319995,
1276710,
1261537,
1285635,
1303484,
1341861,
1306608,
1308839,
1308839,
1484660,
1520806,
1407906,
1409245,
1409690,
1412369,
1453869,
1415939,
1420846,
1305270,
1297683,
1834963,
1553382,
1431557,
1423524,
1316872,
1397642,
1349894,
1352571,
1355695,
1358372,
1414600,
1753747,
1485106,
1456101,
1452977,
1410137,
1373544,
1373991,
1378008,
1347663,
1374883,
1340523,
1985348,
1585512,
1481983,
1470380,
1351679,
1353017,
1356141,
1355695,
1402997,
1363728,
1407906,
1830055,
1501171,
1548473,
1406567,
1371760,
1376222,
1380684,
1418170,
1382469,
1386486,
1693949,
1643970,
1577925,
1490908,
1440481,
1440482,
1444498,
1483767,
1447621,
1450299,
1467257,
1942954,
1560968,
1499386,
1485107,
1440928,
1464133,
1992935,
1665390,
1567215,
1541334,
1450300,
1626566,
1482429,
1507865,
1514558,
1790785,
1886282,
1594883,
1533301,
1520806,
1527499,
1593098,
1502063,
1502064,
1480644,
1460563,
1505633,
1467257,
1468149,
1468149,
1473950,
1875571,
1889852,
1627012,
1563646,
1484214,
1527054,
1488677,
1489568,
1491800,
1493139,
1972407,
1695735,
1648432,
1601576,
1550705,
1595329,
1554721,
1556952,
1549812,
1514113,
2240600,
1706890,
1661820,
1524822,
1523483,
1574801,
1528839,
1530177,
1532854,
2000967,
1838533,
1692611,
1631475,
1591313,
1593544,
1640400,
1591759,
1552044,
1686364,
2117437,
1781413,
1693503,
1560969,
1564091,
1568554,
1611394,
1573463,
1573016,
2337882,
1768918,
1760887,
1631475,
1630136,
1635492,
1639061,
1680562,
1643078,
2096909,
1756424,
1742590,
1693950,
1650218,
1656019,
1659142,
1658696,
1742590,
2238815,
1798370,
1750622,
1617641,
1664498,
1656465,
1672976,
1675207,
1709568,
1827823,
1682347,
1689041,
1690380,
1690379,
1739467,
1694395,
1698858,
1702875,
1870663,
1905916,
1790785,
1692610,
1677439,
1713138,
1780967,
1716262,
2041128,
2091554,
1807742,
1826484,
1727418,
1730541,
1730988,
1733666,
1726972,
2083076,
1855044,
1785876,
1693503,
1783645,
1748838,
1750622,
1752854,
1825145,
2065673,
1882265,
1860399,
1850582,
1847904,
1956342,
1892975,
1891190,
1894314,
1898776,
1971961,
1901007,
1847458,
1916180,
1909486,
1974638,
1874232,
1954557,
3420475,
4253170,
2058532,
1925997,
1934476,
1930906,
1948756,
1992488,
2019262,
1943848,
1937600,
1905024,
1929121,
1930460,
1854597,
1855045,
2391878,
2016139,
1962589,
1964375,
1967498,
1973746,
2017031,
2008553,
2220074,
1971960,
1952325,
2088877,
2161615,
2165631,
1987579,
1992488,
2055409,
1995166,
1996950,
1998289,
2254434,
2106727,
1996950,
1883158,
1985794,
1915734,
1969283,
1946079,
1890744,
1895652,
2234354,
2362872,
2043806,
1924659,
1903685,
1962589,
1963036,
2164738,
2160723,
2046037,
2006322,
2005429,
1947863,
2488713,
2093786,
2060317,
2055855,
1984902,
1981778,
1996504,
2628835,
2185712,
2046484,
1997843,
1975977,
1977762,
2072812,
1979993,
1958573,
2069688,
2681938,
2160277,
2091554,
2070581,
2013908,
1972853,
2302629,
2174110,
2110297,
2064780,
2068796,
2119668,
2056301,
1989364,
2042021,
2042022,
2128592,
2407051,
2132609,
2108066,
2053623,
2114313,
2110743,
2711390,
2207132,
2160723,
2265144,
2039790,
2267821,
2338329,
2113867,
2161615,
2258450,
2274069,
2266929,
2393217,
2239709,
2083523,
2071919,
2070135,
2071473,
2174110,
2102265,
2106281,
2606076,
2253096,
2212041,
2398572,
2152690,
2320479,
2216950,
2298612,
2209363,
2216057,
2191068,
2160722,
2839017,
2219627,
2192406,
2229445,
2235692,
2507455,
2389201,
2242832,
2244171,
2249079,
2320479,
2234353,
2271838,
2141534,
2234354,
2313338,
2258896,
2260681,
2247294,
2307984,
2216058,
2561897,
2315124,
2274961,
2170986,
2226767,
2459707,
2591796,
2295489,
